  X,Y,Z

  0.63991547E-02, 0.91603633E-05, 0.24902344E+00
  0.63991547E+01, 0.91603633E-02, 0.25878906E+00
  0.12798309E+02, 0.18320727E-01, 0.26855469E+00
  0.19197464E+02, 0.27481090E-01, 0.27832031E+00
  0.25596619E+02, 0.36641453E-01, 0.27832031E+00
  0.31995773E+02, 0.45801816E-01, 0.28808594E+00
  0.38394928E+02, 0.54962180E-01, 0.29785156E+00
  0.44794083E+02, 0.64122543E-01, 0.29785156E+00
  0.51193237E+02, 0.73282906E-01, 0.30761719E+00
  0.57592392E+02, 0.82443269E-01, 0.30761719E+00
  0.63991547E+02, 0.91603633E-01, 0.31738281E+00
  0.70390701E+02, 0.10076400E+00, 0.31738281E+00
  0.76789856E+02, 0.10992436E+00, 0.32714844E+00
  0.83189011E+02, 0.11908472E+00, 0.32714844E+00
  0.89588165E+02, 0.12824509E+00, 0.33691406E+00
  0.95987320E+02, 0.13740545E+00, 0.33691406E+00
  0.10238647E+03, 0.14656581E+00, 0.34667969E+00
  0.10878563E+03, 0.15572618E+00, 0.35644531E+00
  0.11518478E+03, 0.16488654E+00, 0.35644531E+00
  0.12158394E+03, 0.17404690E+00, 0.36621094E+00
  0.12798309E+03, 0.18320727E+00, 0.36621094E+00
  0.13438225E+03, 0.19236763E+00, 0.36621094E+00
  0.14078140E+03, 0.20152799E+00, 0.37597656E+00
  0.14718056E+03, 0.21068835E+00, 0.37597656E+00
  0.15357971E+03, 0.21984872E+00, 0.38574219E+00
  0.15997887E+03, 0.22900908E+00, 0.38574219E+00
  0.16637802E+03, 0.23816944E+00, 0.39550781E+00
  0.17277718E+03, 0.24732981E+00, 0.39550781E+00
  0.17917633E+03, 0.25649017E+00, 0.40527344E+00
  0.18557549E+03, 0.26565053E+00, 0.40527344E+00
  0.19197464E+03, 0.27481090E+00, 0.41503906E+00
  0.19837379E+03, 0.28397126E+00, 0.41503906E+00
  0.20477295E+03, 0.29313162E+00, 0.42480469E+00
  0.21117210E+03, 0.30229199E+00, 0.42480469E+00
  0.21757126E+03, 0.31145235E+00, 0.43457031E+00
  0.22397041E+03, 0.32061271E+00, 0.43457031E+00
  0.23036957E+03, 0.32977308E+00, 0.43457031E+00
  0.23676872E+03, 0.33893344E+00, 0.44433594E+00
  0.24316788E+03, 0.34809380E+00, 0.44433594E+00
  0.24956703E+03, 0.35725417E+00, 0.45410156E+00
  0.25596619E+03, 0.36641453E+00, 0.45410156E+00
  0.26236534E+03, 0.37557489E+00, 0.46386719E+00
  0.26876450E+03, 0.38473526E+00, 0.46386719E+00
  0.27516365E+03, 0.39389562E+00, 0.47363281E+00
  0.28156281E+03, 0.40305598E+00, 0.47363281E+00
  0.28796196E+03, 0.41221635E+00, 0.47363281E+00
  0.29436111E+03, 0.42137671E+00, 0.48339844E+00
  0.30076027E+03, 0.43053707E+00, 0.48339844E+00
  0.30715942E+03, 0.43969744E+00, 0.49316406E+00
  0.31355858E+03, 0.44885780E+00, 0.49316406E+00
  0.31995773E+03, 0.45801816E+00, 0.49316406E+00
  0.32635689E+03, 0.46717853E+00, 0.50292969E+00
  0.33275604E+03, 0.47633889E+00, 0.50292969E+00
  0.33915520E+03, 0.48549925E+00, 0.51269531E+00
  0.34555435E+03, 0.49465962E+00, 0.51269531E+00
  0.35195351E+03, 0.50381998E+00, 0.51269531E+00
  0.35835266E+03, 0.51298034E+00, 0.52246094E+00
  0.36475182E+03, 0.52214071E+00, 0.52246094E+00
  0.37115097E+03, 0.53130107E+00, 0.53222656E+00
  0.37755013E+03, 0.54046143E+00, 0.53222656E+00
  0.38394928E+03, 0.54962180E+00, 0.53222656E+00
  0.39034843E+03, 0.55878216E+00, 0.54199219E+00
  0.39674759E+03, 0.56794252E+00, 0.54199219E+00
  0.40314674E+03, 0.57710288E+00, 0.55175781E+00
  0.40954590E+03, 0.58626325E+00, 0.55175781E+00
  0.41594505E+03, 0.59542361E+00, 0.55175781E+00
  0.42234421E+03, 0.60458397E+00, 0.56152344E+00
  0.42874336E+03, 0.61374434E+00, 0.56152344E+00
  0.43514252E+03, 0.62290470E+00, 0.57128906E+00
  0.44154167E+03, 0.63206506E+00, 0.57128906E+00
  0.44794083E+03, 0.64122543E+00, 0.57128906E+00
  0.45433998E+03, 0.65038579E+00, 0.58105469E+00
  0.46073914E+03, 0.65954615E+00, 0.58105469E+00
  0.46713829E+03, 0.66870652E+00, 0.58105469E+00
  0.47353745E+03, 0.67786688E+00, 0.59082031E+00
  0.47993660E+03, 0.68702724E+00, 0.59082031E+00
  0.48633575E+03, 0.69618761E+00, 0.59082031E+00
  0.49273491E+03, 0.70534797E+00, 0.60058594E+00
  0.49913406E+03, 0.71450833E+00, 0.60058594E+00
  0.50553322E+03, 0.72366870E+00, 0.61035156E+00
  0.51193237E+03, 0.73282906E+00, 0.61035156E+00
  0.51833153E+03, 0.74198942E+00, 0.61035156E+00
  0.52473068E+03, 0.75114979E+00, 0.62011719E+00
  0.53112984E+03, 0.76031015E+00, 0.62011719E+00
  0.53752899E+03, 0.76947051E+00, 0.62011719E+00
  0.54392815E+03, 0.77863088E+00, 0.62988281E+00
  0.55032730E+03, 0.78779124E+00, 0.62988281E+00
  0.55672646E+03, 0.79695160E+00, 0.62988281E+00
  0.56312561E+03, 0.80611197E+00, 0.63964844E+00
  0.56952477E+03, 0.81527233E+00, 0.63964844E+00
  0.57592392E+03, 0.82443269E+00, 0.63964844E+00
  0.58232307E+03, 0.83359306E+00, 0.64941406E+00
  0.58872223E+03, 0.84275342E+00, 0.64941406E+00
  0.59512138E+03, 0.85191378E+00, 0.64941406E+00
  0.60152054E+03, 0.86107415E+00, 0.65917969E+00
  0.60791969E+03, 0.87023451E+00, 0.65917969E+00
  0.61431885E+03, 0.87939487E+00, 0.65917969E+00
  0.62071800E+03, 0.88855524E+00, 0.66894531E+00
  0.62711716E+03, 0.89771560E+00, 0.66894531E+00
  0.63351631E+03, 0.90687596E+00, 0.66894531E+00
  0.63991547E+03, 0.91603633E+00, 0.67871094E+00
  0.64631462E+03, 0.92519669E+00, 0.67871094E+00
  0.65271378E+03, 0.93435705E+00, 0.67871094E+00
  0.65911293E+03, 0.94351742E+00, 0.68847656E+00
  0.66551208E+03, 0.95267778E+00, 0.68847656E+00
  0.67191124E+03, 0.96183814E+00, 0.68847656E+00
  0.67831039E+03, 0.97099850E+00, 0.69824219E+00
  0.68470955E+03, 0.98015887E+00, 0.69824219E+00
  0.69110870E+03, 0.98931923E+00, 0.69824219E+00
  0.69750786E+03, 0.99847959E+00, 0.70800781E+00
  0.70390701E+03, 0.10076400E+01, 0.70800781E+00
  0.71030617E+03, 0.10168003E+01, 0.70800781E+00
  0.71670532E+03, 0.10259607E+01, 0.71777344E+00
  0.72310448E+03, 0.10351210E+01, 0.71777344E+00
  0.72950363E+03, 0.10442814E+01, 0.71777344E+00
  0.73590279E+03, 0.10534418E+01, 0.71777344E+00
  0.74230194E+03, 0.10626021E+01, 0.72753906E+00
  0.74870110E+03, 0.10717625E+01, 0.72753906E+00
  0.75510025E+03, 0.10809229E+01, 0.72753906E+00
  0.76149940E+03, 0.10900832E+01, 0.73730469E+00
  0.76789856E+03, 0.10992436E+01, 0.73730469E+00
  0.77429771E+03, 0.11084040E+01, 0.73730469E+00
  0.78069687E+03, 0.11175643E+01, 0.74707031E+00
  0.78709602E+03, 0.11267247E+01, 0.74707031E+00
  0.79349518E+03, 0.11358850E+01, 0.74707031E+00
  0.79989433E+03, 0.11450454E+01, 0.74707031E+00
  0.80629349E+03, 0.11542058E+01, 0.75683594E+00
  0.81269264E+03, 0.11633661E+01, 0.75683594E+00
  0.81909180E+03, 0.11725265E+01, 0.75683594E+00
  0.82549095E+03, 0.11816869E+01, 0.76660156E+00
  0.83189011E+03, 0.11908472E+01, 0.76660156E+00
  0.83828926E+03, 0.12000076E+01, 0.76660156E+00
  0.84468842E+03, 0.12091679E+01, 0.77636719E+00
  0.85108757E+03, 0.12183283E+01, 0.77636719E+00
  0.85748672E+03, 0.12274887E+01, 0.77636719E+00
  0.86388588E+03, 0.12366490E+01, 0.77636719E+00
  0.87028503E+03, 0.12458094E+01, 0.78613281E+00
  0.87668419E+03, 0.12549698E+01, 0.78613281E+00
  0.88308334E+03, 0.12641301E+01, 0.78613281E+00
  0.88948250E+03, 0.12732905E+01, 0.79589844E+00
  0.89588165E+03, 0.12824509E+01, 0.79589844E+00
  0.90228081E+03, 0.12916112E+01, 0.79589844E+00
  0.90867996E+03, 0.13007716E+01, 0.79589844E+00
  0.91507912E+03, 0.13099319E+01, 0.80566406E+00
  0.92147827E+03, 0.13190923E+01, 0.80566406E+00
  0.92787743E+03, 0.13282527E+01, 0.80566406E+00
  0.93427658E+03, 0.13374130E+01, 0.80566406E+00
  0.94067574E+03, 0.13465734E+01, 0.81542969E+00
  0.94707489E+03, 0.13557338E+01, 0.81542969E+00
  0.95347404E+03, 0.13648941E+01, 0.81542969E+00
  0.95987320E+03, 0.13740545E+01, 0.82519531E+00
  0.96627235E+03, 0.13832149E+01, 0.82519531E+00
  0.97267151E+03, 0.13923752E+01, 0.82519531E+00
  0.97907066E+03, 0.14015356E+01, 0.82519531E+00
  0.98546982E+03, 0.14106959E+01, 0.83496094E+00
  0.99186897E+03, 0.14198563E+01, 0.83496094E+00
  0.99826813E+03, 0.14290167E+01, 0.83496094E+00
  0.10046673E+04, 0.14381770E+01, 0.83496094E+00
  0.10110664E+04, 0.14473374E+01, 0.84472656E+00
  0.10174656E+04, 0.14564978E+01, 0.84472656E+00
  0.10238647E+04, 0.14656581E+01, 0.84472656E+00
  0.10302639E+04, 0.14748185E+01, 0.85449219E+00
  0.10366631E+04, 0.14839788E+01, 0.85449219E+00
  0.10430622E+04, 0.14931392E+01, 0.85449219E+00
  0.10494614E+04, 0.15022996E+01, 0.85449219E+00
  0.10558605E+04, 0.15114599E+01, 0.86425781E+00
  0.10622597E+04, 0.15206203E+01, 0.86425781E+00
  0.10686588E+04, 0.15297807E+01, 0.86425781E+00
  0.10750580E+04, 0.15389410E+01, 0.86425781E+00
  0.10814571E+04, 0.15481014E+01, 0.87402344E+00
  0.10878563E+04, 0.15572618E+01, 0.87402344E+00
  0.10942554E+04, 0.15664221E+01, 0.87402344E+00
  0.11006546E+04, 0.15755825E+01, 0.87402344E+00
  0.11070538E+04, 0.15847428E+01, 0.88378906E+00
  0.11134529E+04, 0.15939032E+01, 0.88378906E+00
  0.11198521E+04, 0.16030636E+01, 0.88378906E+00
  0.11262512E+04, 0.16122239E+01, 0.88378906E+00
  0.11326504E+04, 0.16213843E+01, 0.89355469E+00
  0.11390495E+04, 0.16305447E+01, 0.89355469E+00
  0.11454487E+04, 0.16397050E+01, 0.89355469E+00
  0.11518478E+04, 0.16488654E+01, 0.89355469E+00
  0.11582470E+04, 0.16580257E+01, 0.90332031E+00
  0.11646461E+04, 0.16671861E+01, 0.90332031E+00
  0.11710453E+04, 0.16763465E+01, 0.90332031E+00
  0.11774445E+04, 0.16855068E+01, 0.90332031E+00
  0.11838436E+04, 0.16946672E+01, 0.91308594E+00
  0.11902428E+04, 0.17038276E+01, 0.91308594E+00
  0.11966419E+04, 0.17129879E+01, 0.91308594E+00
  0.12030411E+04, 0.17221483E+01, 0.91308594E+00
  0.12094402E+04, 0.17313087E+01, 0.92285156E+00
  0.12158394E+04, 0.17404690E+01, 0.92285156E+00
  0.12222385E+04, 0.17496294E+01, 0.92285156E+00
  0.12286377E+04, 0.17587897E+01, 0.92285156E+00
  0.12350368E+04, 0.17679501E+01, 0.93261719E+00
  0.12414360E+04, 0.17771105E+01, 0.93261719E+00
  0.12478352E+04, 0.17862708E+01, 0.93261719E+00
  0.12542343E+04, 0.17954312E+01, 0.93261719E+00
  0.12606335E+04, 0.18045916E+01, 0.94238281E+00
  0.12670326E+04, 0.18137519E+01, 0.94238281E+00
  0.12734318E+04, 0.18229123E+01, 0.94238281E+00
  0.12798309E+04, 0.18320727E+01, 0.94238281E+00
  0.12862301E+04, 0.18412330E+01, 0.95214844E+00
  0.12926292E+04, 0.18503934E+01, 0.95214844E+00
  0.12990284E+04, 0.18595537E+01, 0.95214844E+00
  0.13054276E+04, 0.18687141E+01, 0.95214844E+00
  0.13118267E+04, 0.18778745E+01, 0.96191406E+00
  0.13182259E+04, 0.18870348E+01, 0.96191406E+00
  0.13246250E+04, 0.18961952E+01, 0.96191406E+00
  0.13310242E+04, 0.19053556E+01, 0.96191406E+00
  0.13374233E+04, 0.19145159E+01, 0.96191406E+00
  0.13438225E+04, 0.19236763E+01, 0.97167969E+00
  0.13502216E+04, 0.19328366E+01, 0.97167969E+00
  0.13566208E+04, 0.19419970E+01, 0.97167969E+00
  0.13630199E+04, 0.19511574E+01, 0.97167969E+00
  0.13694191E+04, 0.19603177E+01, 0.98144531E+00
  0.13758183E+04, 0.19694781E+01, 0.98144531E+00
  0.13822174E+04, 0.19786385E+01, 0.98144531E+00
  0.13886166E+04, 0.19877988E+01, 0.98144531E+00
  0.13950157E+04, 0.19969592E+01, 0.99121094E+00
  0.14014149E+04, 0.20061196E+01, 0.99121094E+00
  0.14078140E+04, 0.20152799E+01, 0.99121094E+00
  0.14142132E+04, 0.20244403E+01, 0.99121094E+00
  0.14206123E+04, 0.20336006E+01, 0.10009766E+01
  0.14270115E+04, 0.20427610E+01, 0.10009766E+01
  0.14334106E+04, 0.20519214E+01, 0.10009766E+01
  0.14398098E+04, 0.20610817E+01, 0.10009766E+01
  0.14462090E+04, 0.20702421E+01, 0.10009766E+01
  0.14526081E+04, 0.20794025E+01, 0.10107422E+01
  0.14590073E+04, 0.20885628E+01, 0.10107422E+01
  0.14654064E+04, 0.20977232E+01, 0.10107422E+01
  0.14718056E+04, 0.21068835E+01, 0.10107422E+01
  0.14782047E+04, 0.21160439E+01, 0.10205078E+01
  0.14846039E+04, 0.21252043E+01, 0.10205078E+01
  0.14910030E+04, 0.21343646E+01, 0.10205078E+01
  0.14974022E+04, 0.21435250E+01, 0.10205078E+01
  0.15038013E+04, 0.21526854E+01, 0.10302734E+01
  0.15102005E+04, 0.21618457E+01, 0.10302734E+01
  0.15165997E+04, 0.21710061E+01, 0.10302734E+01
  0.15229988E+04, 0.21801665E+01, 0.10302734E+01
  0.15293980E+04, 0.21893268E+01, 0.10302734E+01
  0.15357971E+04, 0.21984872E+01, 0.10400391E+01
  0.15421963E+04, 0.22076475E+01, 0.10400391E+01
  0.15485954E+04, 0.22168079E+01, 0.10400391E+01
  0.15549946E+04, 0.22259683E+01, 0.10400391E+01
  0.15613937E+04, 0.22351286E+01, 0.10498047E+01
  0.15677929E+04, 0.22442890E+01, 0.10498047E+01
  0.15741920E+04, 0.22534494E+01, 0.10498047E+01
  0.15805912E+04, 0.22626097E+01, 0.10498047E+01
  0.15869904E+04, 0.22717701E+01, 0.10498047E+01
  0.15933895E+04, 0.22809304E+01, 0.10595703E+01
  0.15997887E+04, 0.22900908E+01, 0.10595703E+01
  0.16061878E+04, 0.22992512E+01, 0.10595703E+01
  0.16125870E+04, 0.23084115E+01, 0.10595703E+01
  0.16189861E+04, 0.23175719E+01, 0.10693359E+01
  0.16253853E+04, 0.23267323E+01, 0.10693359E+01
  0.16317844E+04, 0.23358926E+01, 0.10693359E+01
  0.16381836E+04, 0.23450530E+01, 0.10693359E+01
  0.16445827E+04, 0.23542134E+01, 0.10693359E+01
  0.16509819E+04, 0.23633737E+01, 0.10791016E+01
  0.16573811E+04, 0.23725341E+01, 0.10791016E+01
  0.16637802E+04, 0.23816944E+01, 0.10791016E+01
  0.16701794E+04, 0.23908548E+01, 0.10791016E+01
  0.16765785E+04, 0.24000152E+01, 0.10888672E+01
  0.16829777E+04, 0.24091755E+01, 0.10888672E+01
  0.16893768E+04, 0.24183359E+01, 0.10888672E+01
  0.16957760E+04, 0.24274963E+01, 0.10888672E+01
  0.17021751E+04, 0.24366566E+01, 0.10888672E+01
  0.17085743E+04, 0.24458170E+01, 0.10986328E+01
  0.17149734E+04, 0.24549774E+01, 0.10986328E+01
  0.17213726E+04, 0.24641377E+01, 0.10986328E+01
  0.17277718E+04, 0.24732981E+01, 0.10986328E+01
  0.17341709E+04, 0.24824584E+01, 0.10986328E+01
  0.17405701E+04, 0.24916188E+01, 0.11083984E+01
  0.17469692E+04, 0.25007792E+01, 0.11083984E+01
  0.17533684E+04, 0.25099395E+01, 0.11083984E+01
  0.17597675E+04, 0.25190999E+01, 0.11083984E+01
  0.17661667E+04, 0.25282603E+01, 0.11083984E+01
  0.17725658E+04, 0.25374206E+01, 0.11181641E+01
  0.17789650E+04, 0.25465810E+01, 0.11181641E+01
  0.17853642E+04, 0.25557413E+01, 0.11181641E+01
  0.17917633E+04, 0.25649017E+01, 0.11181641E+01
  0.17981625E+04, 0.25740621E+01, 0.11181641E+01
  0.18045616E+04, 0.25832224E+01, 0.11279297E+01
